<?xml version="1.0"?>
<opencv_storage>
<calibration_Time>"Mon Jan 18 15:44:21 2016"</calibration_Time>
<nrOfFrames>25</nrOfFrames>
<image_Width>640</image_Width>
<image_Height>480</image_Height>
<board_Width>9</board_Width>
<board_Height>6</board_Height>
<square_Size>50.</square_Size>
<FixAspectRatio>1.</FixAspectRatio>
<!-- flags:  +fix_aspectRatio +fix_principal_point +zero_tangent_dist -->
<flagValue>14</flagValue>
<Camera_Matrix type_id="opencv-matrix">
  <rows>3</rows>
  <cols>3</cols>
  <dt>d</dt>
  <data>
    8.9731128887693046e+02 0. 3.1950000000000000e+02 0.
    8.9731128887693046e+02 2.3950000000000000e+02 0. 0. 1.</data></Camera_Matrix>
<Distortion_Coefficients type_id="opencv-matrix">
  <rows>5</rows>
  <cols>1</cols>
  <dt>d</dt>
  <data>
    -1.5589048497337576e-01 3.6516366102832549e+00 0. 0.
    -2.2737025871259355e+01</data></Distortion_Coefficients>
<Avg_Reprojection_Error>1.2964812100737877e+00</Avg_Reprojection_Error>
<Per_View_Reprojection_Errors type_id="opencv-matrix">
  <rows>25</rows>
  <cols>1</cols>
  <dt>f</dt>
  <data>
    4.72668886e+00 1.27350807e+00 1.16241896e+00 1.26476228e+00
    1.20329440e+00 1.21727753e+00 1.16272807e+00 1.03418064e+00
    1.09184504e+00 9.85334933e-01 9.97784376e-01 1.13002324e+00
    8.17853808e-01 7.58631766e-01 8.15789580e-01 8.00100565e-01
    6.52155757e-01 7.40205586e-01 6.08424366e-01 6.20233655e-01
    4.74483013e-01 3.81310284e-01 3.79453957e-01 3.97868067e-01
    6.08008087e-01</data></Per_View_Reprojection_Errors>
<!-- a set of 6-tuples (rotation vector + translation vector) for each view -->
<Extrinsic_Parameters type_id="opencv-matrix">
  <rows>25</rows>
  <cols>6</cols>
  <dt>d</dt>
  <data>
    -1.7021586309547526e-01 3.4415170987351079e-01
    3.0509138608077171e+00 1.4852555618635162e+02 1.3069922495944968e+02
    9.1167387453181686e+02 -5.1750769417184379e-02
    5.5371357297412660e-01 3.0383495984522528e+00 1.0877242620201180e+02
    7.4061523542172068e+01 8.6754276045300458e+02
    -8.5454483311740062e-02 5.2655467486028384e-01
    3.0694444423612333e+00 1.4150247445430537e+02 8.3459516208616819e+01
    8.6674984013649987e+02 -1.0425164319662128e-01
    5.0701029020978639e-01 3.0826724555829563e+00 1.7569414222008405e+02
    1.0086716013762913e+02 8.5347844357500048e+02
    -1.0959846580669991e-01 4.9064065943060092e-01
    3.0891861921731243e+00 1.7920212433493566e+02 1.0703934705349185e+02
    8.5114694126868528e+02 -1.0954090103464459e-01
    4.9416758169920888e-01 3.0892681188810984e+00 1.7891328278218558e+02
    1.1072384864316882e+02 8.4746447093036898e+02
    -1.0564570203089579e-01 4.8003769378524225e-01
    3.0947215302176101e+00 1.7508298063917945e+02 1.1632206740441556e+02
    8.4544643196042898e+02 -1.0054542269465946e-01
    4.5777822733191437e-01 3.0955198681599301e+00 1.7209989105711804e+02
    1.2145436872239580e+02 8.4584895773339440e+02
    -1.0758163402008963e-01 4.4747080852252785e-01
    3.0920642707665347e+00 1.6489019268217666e+02 1.2810386380017346e+02
    8.3834126250978852e+02 -1.1817206146354439e-01
    4.3517171718374531e-01 3.0817786754676009e+00 1.6176308280565777e+02
    1.3243888829805354e+02 8.3650367004783186e+02
    -1.0824378216603414e-01 4.3837594549836212e-01
    3.0831768311506007e+00 1.5667084012949249e+02 1.3270299885761509e+02
    8.3494709314966394e+02 -8.1425972455352116e-02
    4.5589037238066427e-01 3.0809641750505752e+00 1.5148570763106900e+02
    1.3011755599219848e+02 8.4543406771087280e+02
    -6.1804111049697318e-02 3.9807783612225117e-01
    3.0894694080976914e+00 1.4687328898242970e+02 1.2978840688025733e+02
    9.0772946761874107e+02 -4.9281607992850036e-02
    3.5975320978238023e-01 3.0859428681388832e+00 1.4299175194025511e+02
    1.3549330555919795e+02 9.7516969006747775e+02
    -5.4710550390747459e-02 3.7223703012224874e-01
    3.0801595090248748e+00 1.3277925656168301e+02 1.4519669089369697e+02
    1.0356834173449488e+03 -6.0572802001380315e-02
    3.8824781763197463e-01 3.0797463746079927e+00 1.1816736661636234e+02
    1.5435529280356502e+02 1.1050109351625679e+03
    -6.4368652606251117e-02 3.5428912638950005e-01
    3.0852824842900031e+00 1.0873165757673313e+02 1.6668733557705082e+02
    1.1838768668377218e+03 -8.2586447349744518e-02
    3.7670327231741940e-01 3.0769876020541398e+00 1.5054863094262819e+02
    1.7111845335446495e+02 1.2420618917367699e+03
    -8.7999761712678023e-02 3.1092095805786307e-01
    3.0942885957931940e+00 1.8636821936868853e+02 1.8157805009072385e+02
    1.3164116759638641e+03 -9.0812555102865691e-02
    3.1780377112582836e-01 3.1026187651434287e+00 1.9368098298700275e+02
    1.9721755581078733e+02 1.4044414912734621e+03
    -6.6060147278380180e-02 2.4583352989011209e-01
    3.1141859900970843e+00 1.8359787934564520e+02 2.0948555166454761e+02
    1.4796596281061163e+03 -4.3926927630487590e-02
    3.3751274385258490e-01 3.1042854155050059e+00 1.7142029923086938e+02
    2.1177408175036740e+02 1.4901192998600982e+03
    -1.1161784205438154e-02 3.7135196434491091e-01
    3.1010826502752828e+00 1.5968327417944724e+02 2.1057838952221192e+02
    1.4299403702497152e+03 -3.4197865371468981e-02
    4.1586010548305741e-01 3.0935976640047311e+00 1.4542092384240152e+02
    1.9779472540234266e+02 1.3149522108948261e+03
    -9.7354866479878385e-02 3.3157990303289758e-01
    3.0988197837960243e+00 1.3044877652480304e+02 1.9071129801132673e+02
    1.1452685965677197e+03</data></Extrinsic_Parameters>
