<?xml version="1.0"?>
<opencv_storage>
<calibration_Time>"Mon Jan 18 15:48:52 2016"</calibration_Time>
<nrOfFrames>25</nrOfFrames>
<image_Width>640</image_Width>
<image_Height>480</image_Height>
<board_Width>9</board_Width>
<board_Height>6</board_Height>
<square_Size>50.</square_Size>
<FixAspectRatio>1.</FixAspectRatio>
<!-- flags:  +fix_aspectRatio +fix_principal_point +zero_tangent_dist -->
<flagValue>14</flagValue>
<Camera_Matrix type_id="opencv-matrix">
  <rows>3</rows>
  <cols>3</cols>
  <dt>d</dt>
  <data>
    1.9961704327353971e+03 0. 3.1950000000000000e+02 0.
    1.9961704327353971e+03 2.3950000000000000e+02 0. 0. 1.</data></Camera_Matrix>
<Distortion_Coefficients type_id="opencv-matrix">
  <rows>5</rows>
  <cols>1</cols>
  <dt>d</dt>
  <data>
    1.8175523764227883e+00 -8.7919484257162480e+01 0. 0.
    1.2459859993672681e+03</data></Distortion_Coefficients>
<Avg_Reprojection_Error>4.1193370363368524e+00</Avg_Reprojection_Error>
<Per_View_Reprojection_Errors type_id="opencv-matrix">
  <rows>25</rows>
  <cols>1</cols>
  <dt>f</dt>
  <data>
    8.51294422e+00 6.36919308e+00 6.49122143e+00 6.36599255e+00
    3.77326512e+00 6.36934233e+00 4.37451077e+00 3.98303461e+00
    2.38024735e+00 3.51827931e+00 4.03619289e+00 2.66411018e+00
    2.58578897e+00 2.75404501e+00 2.54379892e+00 2.64869142e+00
    3.01917219e+00 2.88772869e+00 2.89787769e+00 2.79670191e+00
    2.76076603e+00 2.69984245e+00 2.56599426e+00 2.63476896e+00
    2.72344351e+00</data></Per_View_Reprojection_Errors>
<!-- a set of 6-tuples (rotation vector + translation vector) for each view -->
<Extrinsic_Parameters type_id="opencv-matrix">
  <rows>25</rows>
  <cols>6</cols>
  <dt>d</dt>
  <data>
    -3.9209800974136638e-01 -1.9437954096028007e-01
    -1.6618448207642064e-02 -2.2452777749921756e+02
    -7.4213515020937137e+01 1.5944725954686733e+03
    5.5248576364737664e-02 2.9436662949424847e-01
    -4.4885417754196681e-02 -2.0631641623566301e+02
    -1.2968979786267127e+02 1.5556362323821309e+03
    2.3259816665955710e-01 3.0004855296553279e-01 1.4243218580512220e-03
    -2.0367849617569550e+02 -1.7307477145618796e+02
    1.7103124210653050e+03 -5.1840483726627147e-02
    3.5890365476248576e-01 6.2912956166534320e-02
    -1.6015894129473887e+02 -1.5837858575082439e+02
    1.6760482088697008e+03 2.1347916391022459e-01 2.5659211214537053e-01
    -7.0910941018858991e-03 -2.1579626465674167e+02
    -1.9333347691981260e+02 1.8010374990883486e+03
    -2.5501564192431597e-01 -3.8384224798068095e-01
    -7.7230510557265916e-02 -2.7776210536375515e+02
    -1.6079938685945146e+02 1.8266798209266583e+03
    -2.0282611802133010e-01 -3.1340222065664419e-01
    -7.1290337366231735e-02 -2.9899747239238178e+02
    -1.0894048390353272e+02 1.9168187213012027e+03
    -2.0658006110786173e-01 -2.3308811683975614e-01
    -6.5888976394173182e-02 -2.8401494143223306e+02
    -7.9992775554589741e+01 1.9540966584471591e+03
    1.3516633872578770e-01 1.8410921694788451e-01
    -8.5750590845026536e-02 -2.4853271202553202e+02
    -7.4234961157547929e+01 1.9192007188057912e+03
    1.2525898336293761e-01 2.7104092579147671e-01
    -1.0024617711141152e-01 -2.3808008714908570e+02
    -8.4625156825061751e+01 1.8986197540903806e+03
    1.4898443814101986e-01 2.7019970044575337e-01
    -1.0208757486614137e-01 -2.3155600675070713e+02
    -8.6196820014688029e+01 1.9036259145294266e+03
    1.4712076791962633e-01 2.2260863856559621e-01
    -1.0212046471357218e-01 -2.2673132319092727e+02
    -1.0288610138830020e+02 1.9071799450989768e+03
    1.6129075733199294e-01 2.0630947757260709e-01
    -1.0776578019713604e-01 -2.1547153171398779e+02
    -1.1700104452318240e+02 1.9189710921834724e+03
    1.9297336618603175e-01 1.8345875055999586e-01
    -1.1895652219490370e-01 -2.1959274321992521e+02
    -1.4087580539928175e+02 1.9252966093020787e+03
    1.4859984766022688e-01 2.3883604197155681e-01
    -1.1435350876046621e-01 -2.1971442778704201e+02
    -1.5101294402664851e+02 1.9173110388282196e+03
    1.4603611752345239e-01 2.0457086903591246e-01
    -8.8184432565337922e-02 -2.2602438401771457e+02
    -1.1040320247796197e+02 1.9323330182058726e+03
    1.1034349809990524e-01 1.9416796617126847e-01
    -3.1921346640911001e-02 -2.4797092595560537e+02
    -8.7624561640817490e+01 1.9288716486140331e+03
    1.2331570702902868e-01 1.5520379195199976e-01
    -2.9038482732724212e-02 -2.5356612356267630e+02
    -7.8484284577069673e+01 1.9338382638057969e+03
    1.6472150590412327e-01 1.8192476744374592e-01
    -4.0569454680393184e-02 -2.4587678363394824e+02
    -8.9515060531266727e+01 1.9231255028477640e+03
    1.7318237815150861e-01 2.1885885765482047e-01
    -5.0006667791833548e-02 -1.8999869991047319e+02
    -9.5781927934791455e+01 1.9169836399614990e+03
    1.7409094712632292e-01 1.9713812150066243e-01
    -5.7639455932638639e-02 -1.8824332972297813e+02
    -1.2152188779495775e+02 1.9143484187030699e+03
    1.3838139054111240e-01 1.8896687139948992e-01
    -5.7458609291973793e-02 -1.9746557256028160e+02
    -1.3394320653049263e+02 1.9196664031350163e+03
    1.4511786274165581e-01 1.8127766012764163e-01
    -6.7397365710004847e-02 -2.3432495583596463e+02
    -1.4335269163427125e+02 1.9259771942530917e+03
    1.7326362695649083e-01 1.9352068971404951e-01
    -6.8436814984142419e-02 -2.4299390939527839e+02
    -1.3978591017417062e+02 1.9228066752730497e+03
    1.9777458656271693e-01 2.1057249712186443e-01
    -6.1915820051964332e-02 -2.1419499126707476e+02
    -1.3853463612620311e+02 1.9026730697860521e+03</data></Extrinsic_Parameters>
