<?xml version="1.0"?>
<opencv_storage>
<calibration_Time>"Sun Jan  3 18:42:04 2016"</calibration_Time>
<nrOfFrames>25</nrOfFrames>
<image_Width>640</image_Width>
<image_Height>480</image_Height>
<board_Width>9</board_Width>
<board_Height>6</board_Height>
<square_Size>50.</square_Size>
<FixAspectRatio>1.</FixAspectRatio>
<!-- flags:  +fix_aspectRatio +fix_principal_point +zero_tangent_dist -->
<flagValue>14</flagValue>
<Camera_Matrix type_id="opencv-matrix">
  <rows>3</rows>
  <cols>3</cols>
  <dt>d</dt>
  <data>
    1.0594324388507766e+03 0. 3.1950000000000000e+02 0.
    1.0594324388507766e+03 2.3950000000000000e+02 0. 0. 1.</data></Camera_Matrix>
<Distortion_Coefficients type_id="opencv-matrix">
  <rows>5</rows>
  <cols>1</cols>
  <dt>d</dt>
  <data>
    4.4369641295406431e-01 -4.7524812172733171e+00 0. 0.
    1.3029538508244922e+01</data></Distortion_Coefficients>
<Avg_Reprojection_Error>1.4218456775562731e+00</Avg_Reprojection_Error>
<Per_View_Reprojection_Errors type_id="opencv-matrix">
  <rows>25</rows>
  <cols>1</cols>
  <dt>f</dt>
  <data>
    1.31383836e+00 1.35792339e+00 1.39135611e+00 1.39807904e+00
    1.39486408e+00 1.48139346e+00 1.42951775e+00 1.45491993e+00
    1.42936778e+00 1.47166038e+00 1.45054114e+00 1.45027578e+00
    1.43844914e+00 1.42468202e+00 1.42340720e+00 1.43389106e+00
    1.42477131e+00 1.40871036e+00 1.41050684e+00 1.44120395e+00
    1.43617356e+00 1.41888952e+00 1.41525459e+00 1.40392888e+00
    1.43246150e+00</data></Per_View_Reprojection_Errors>
<!-- a set of 6-tuples (rotation vector + translation vector) for each view -->
<Extrinsic_Parameters type_id="opencv-matrix">
  <rows>25</rows>
  <cols>6</cols>
  <dt>d</dt>
  <data>
    2.0611995361579827e-01 -3.0131171143184371e-01
    3.0363400368914091e+00 1.9796129253579142e+02 2.1014600036038232e+01
    1.0779812436495884e+03 2.0101003928492323e-01
    -2.1109392824206666e-01 3.0616567970078221e+00
    2.1462645731734580e+02 1.0119362280920579e+02 1.0793507820609050e+03
    1.9025123286697662e-01 -1.9709943817149778e-01
    3.0791168552354153e+00 2.0486063622870768e+02 1.3889800912453370e+02
    1.0888658793303398e+03 1.8924875989785192e-01
    -2.0402612639471090e-01 3.0798827983023283e+00
    2.0462604753254317e+02 1.4208784244832771e+02 1.0903528041137622e+03
    1.9731141987129597e-01 -1.7487699464530476e-01
    3.0838187242536228e+00 2.0071939848587331e+02 1.4773661268335803e+02
    1.0868067070430652e+03 1.6979389117396779e-01
    -2.0025699232656130e-01 3.0906854983822485e+00
    1.9495063043409013e+02 1.5749753494037702e+02 1.0994882836911854e+03
    1.6246367578754442e-01 -2.0994216562845222e-01
    3.0839541272016300e+00 1.9160828950846815e+02 1.3917401612630732e+02
    1.1007551079264770e+03 1.6863861089925353e-01
    -2.1472438452089546e-01 3.0810577802596586e+00
    1.9194444827080426e+02 1.3813296798340377e+02 1.0997509236935593e+03
    1.7144109432390062e-01 -2.1959302381833493e-01
    3.0768627514765194e+00 1.9178947675568693e+02 1.3342007999896484e+02
    1.1000976344140468e+03 1.6199883134799453e-01
    -2.2524137360186455e-01 3.0768820706175677e+00
    1.9261343468781101e+02 1.2831360328420777e+02 1.1017515477088134e+03
    1.6974327966707534e-01 -2.2500812545713073e-01
    3.0729927085321456e+00 1.9013808608815307e+02 1.2263703291589721e+02
    1.1006551221780942e+03 1.4861033805010537e-01
    -2.4198347763561404e-01 3.0741326222955396e+00
    1.9003562808796622e+02 1.1822297050507053e+02 1.1068762720819011e+03
    1.6971345635765656e-01 -2.3445349397684218e-01
    3.0739176611926675e+00 1.8753897401902827e+02 1.1399631976528006e+02
    1.1006805124131727e+03 1.6057617079952569e-01
    -2.3420934779410860e-01 3.0743237232215077e+00
    1.8765359817993206e+02 1.1166399084254714e+02 1.1030201131901847e+03
    1.4871068947726268e-01 -2.4303970011742021e-01
    3.0757980499730819e+00 1.8580674322618052e+02 1.1116648880646382e+02
    1.1072701711096677e+03 1.6241572908480623e-01
    -2.4714244899785862e-01 3.0745616295170719e+00
    1.8482110559848843e+02 1.0898785812221783e+02 1.1041739148855343e+03
    1.6061914743980871e-01 -2.4921975916848677e-01
    3.0741025598694485e+00 1.8518890756248794e+02 1.0524162636865776e+02
    1.1048396170090509e+03 1.4331641896218675e-01
    -2.4801159974296780e-01 3.0743409661056287e+00
    1.8383730822022440e+02 1.0348604963157514e+02 1.1094425210066697e+03
    1.5076794709879110e-01 -2.5274549621841358e-01
    3.0742738988538734e+00 1.8388140895859834e+02 1.0341694965903363e+02
    1.1080273293774376e+03 1.5513698671797230e-01
    -2.5302699309451354e-01 3.0738080260540701e+00
    1.8340525698308335e+02 1.0163294149548589e+02 1.1064838146054287e+03
    1.4784176757589496e-01 -2.5670679530300233e-01
    3.0724607667274255e+00 1.8295142107073039e+02 9.9510553299339222e+01
    1.1088632543794236e+03 1.4963717555201647e-01
    -2.5463629773703672e-01 3.0734397805097791e+00
    1.8239367629962612e+02 9.7909293520232069e+01 1.1085350317877762e+03
    1.5142500788950225e-01 -2.5941820720390990e-01
    3.0725775842090695e+00 1.8112065013476760e+02 9.7492368862509935e+01
    1.1083980437188243e+03 1.5034734529468016e-01
    -2.6019589972385354e-01 3.0724112540582866e+00
    1.8072003448914177e+02 9.6263115469848046e+01 1.1090218564512363e+03
    1.4812858517101582e-01 -2.6217675332602952e-01
    3.0766171371650857e+00 1.8250520667515218e+02 9.7826106935526283e+01
    1.1095903251451043e+03</data></Extrinsic_Parameters>
