<?xml version="1.0"?>
<opencv_storage>
<calibration_Time>"Sun Jan  3 18:28:16 2016"</calibration_Time>
<nrOfFrames>25</nrOfFrames>
<image_Width>640</image_Width>
<image_Height>480</image_Height>
<board_Width>9</board_Width>
<board_Height>6</board_Height>
<square_Size>50.</square_Size>
<FixAspectRatio>1.</FixAspectRatio>
<!-- flags:  +fix_aspectRatio +fix_principal_point +zero_tangent_dist -->
<flagValue>14</flagValue>
<Camera_Matrix type_id="opencv-matrix">
  <rows>3</rows>
  <cols>3</cols>
  <dt>d</dt>
  <data>
    7.4903338004947739e+02 0. 3.1950000000000000e+02 0.
    7.4903338004947739e+02 2.3950000000000000e+02 0. 0. 1.</data></Camera_Matrix>
<Distortion_Coefficients type_id="opencv-matrix">
  <rows>5</rows>
  <cols>1</cols>
  <dt>d</dt>
  <data>
    -9.3069098538225509e-02 9.3182266561822991e-01 0. 0.
    -3.4838733681609648e+00</data></Distortion_Coefficients>
<Avg_Reprojection_Error>7.3321708882469760e-01</Avg_Reprojection_Error>
<Per_View_Reprojection_Errors type_id="opencv-matrix">
  <rows>25</rows>
  <cols>1</cols>
  <dt>f</dt>
  <data>
    8.16364884e-01 8.74974012e-01 6.08076632e-01 8.77183616e-01
    9.26052988e-01 8.60256374e-01 2.23738670e+00 7.54574001e-01
    3.87824178e-01 3.95594358e-01 6.35516405e-01 4.68958706e-01
    5.17572343e-01 4.48655069e-01 4.17654902e-01 4.24854070e-01
    4.13855791e-01 4.35698330e-01 4.28402603e-01 4.19877291e-01
    4.86488998e-01 4.75548297e-01 5.18016636e-01 4.68644768e-01
    5.19143224e-01</data></Per_View_Reprojection_Errors>
<!-- a set of 6-tuples (rotation vector + translation vector) for each view -->
<Extrinsic_Parameters type_id="opencv-matrix">
  <rows>25</rows>
  <cols>6</cols>
  <dt>d</dt>
  <data>
    1.8195016058937755e-01 -1.5844297072710839e-01
    -3.0183480976651254e+00 2.6598252033717898e+02
    2.5375002674787524e+02 9.4264518431990564e+02 1.3317468036062988e-01
    -1.3842739498067891e-01 -3.0378928724357088e+00
    2.7021938986470099e+02 2.0806187883425881e+02 9.5514026928363182e+02
    1.6305001557435009e-01 -1.1284420860357494e-01
    -3.0610374210808593e+00 2.6281176375084613e+02
    1.8823316647334767e+02 9.5179810499918335e+02
    -1.1360526565737601e-01 3.8070755755631563e-01
    3.0421280019770820e+00 1.0709356680303678e+02 2.1345085551788429e+02
    1.0053581882249728e+03 -1.1001301668957082e-01
    4.2447026618481409e-01 3.0397740385001315e+00 9.8704124029968128e+01
    1.5275568791000993e+02 9.9128836612832129e+02
    -1.0204340728867276e-01 3.9611899956743102e-01
    3.0627491679907712e+00 9.0285428819924704e+01 9.5707672488526384e+01
    9.8164279817769295e+02 -1.2662911072592839e-01
    4.1161839694048658e-01 3.0666222211122367e+00 8.1352777073992101e+01
    5.3272086812573590e+01 9.8862593565587281e+02
    -1.3507600502958492e-01 4.3087642085720891e-02
    3.1377874686169278e+00 7.9977949774804515e+01 5.5578735789655546e+01
    9.9357346185556696e+02 3.2550442104899227e-02
    -5.7488500361252921e-02 -3.1338443512267422e+00
    7.4122061394234294e+01 7.9605226300579048e+01 9.7760088338042920e+02
    -1.3719179327135729e-04 -8.9276635752450081e-02
    -3.1302612668477936e+00 6.8159237260933807e+01
    9.1752540773202128e+01 9.6680357522395764e+02
    -2.2474361964598451e-02 -3.4245882314098600e-02
    3.1433141194784113e+00 7.1972942017953500e+01 1.0829811382942171e+02
    9.7743842200813663e+02 -6.3519034590829556e-03
    5.2186647852605079e-02 -3.1319441667896704e+00
    1.2676942092990946e+02 1.1959081291995075e+02 9.5901974007058914e+02
    -6.4556192024752121e-03 6.1705602600342510e-02
    -3.1150566449444241e+00 1.6918649070154089e+02
    1.2684180695300158e+02 9.5398570848747943e+02
    -1.4401537947557800e-02 6.1644901715417082e-02
    -3.1266296129959752e+00 1.8392486547179604e+02
    1.3008474654204281e+02 9.4794519620034737e+02 4.1571792146528473e-02
    -8.5656091546926091e-02 3.1389131033642963e+00
    1.9447289404820702e+02 1.3738266722350920e+02 9.3436517291538144e+02
    4.7415286594109193e-02 -9.8817700153257970e-02
    3.1380217097693133e+00 1.9289256803346458e+02 1.4665415005063252e+02
    9.2967067272144675e+02 5.5224625556061203e-02
    -7.0611798317414765e-02 3.1395392870451904e+00
    1.9259279573688252e+02 1.5293613321545601e+02 9.3087121217218100e+02
    -7.2259071613054698e-02 5.1544249426171411e-02
    -3.1392231857840369e+00 1.8904664123808777e+02
    1.5544020234722370e+02 9.2122250288290047e+02
    -5.7281464607859559e-02 6.6517648313611066e-02
    -3.1284518168957098e+00 1.9495970848355236e+02
    1.6058328491242895e+02 9.3327970824670547e+02
    -5.8046737324755994e-02 1.6722458129135261e-02
    -3.1131926566799391e+00 1.9013899335730395e+02
    1.6958974025129416e+02 9.4460958572139236e+02
    -8.3585285909280174e-02 -6.3809387173994994e-02
    -3.1132797542899935e+00 1.8827587849393510e+02
    1.6459193630150514e+02 9.4910118566910000e+02
    -2.2591367155871279e-02 -4.2545256477391182e-04
    -3.1390784600567172e+00 1.8805741007466216e+02
    1.5635471277259651e+02 9.5201152315136937e+02
    -2.3412977328076179e-01 -2.6388495081087694e-03
    -3.1155653704256858e+00 1.8929628453188010e+02
    1.6180839952594405e+02 8.8335738621767155e+02
    -2.1747398888410219e-01 -6.5940475694202701e-04
    -3.0748209268903581e+00 1.9381710363565682e+02
    1.7154949931995600e+02 8.7394609978457561e+02
    -2.6851848789341964e-01 -4.6237534112852370e-02
    -3.0739075516434755e+00 2.0403739270281872e+02
    1.8958867559494192e+02 9.2866239021671367e+02</data></Extrinsic_Parameters>
