<?xml version="1.0"?>
<opencv_storage>
<calibration_Time>"Mon Feb  8 16:29:06 2016"</calibration_Time>
<nrOfFrames>25</nrOfFrames>
<image_Width>640</image_Width>
<image_Height>480</image_Height>
<board_Width>9</board_Width>
<board_Height>6</board_Height>
<square_Size>50.</square_Size>
<FixAspectRatio>1.</FixAspectRatio>
<!-- flags:  +fix_aspectRatio +fix_principal_point +zero_tangent_dist -->
<flagValue>14</flagValue>
<Camera_Matrix type_id="opencv-matrix">
  <rows>3</rows>
  <cols>3</cols>
  <dt>d</dt>
  <data>
    1.1998640834468974e+03 0. 3.1950000000000000e+02 0.
    1.1998640834468974e+03 2.3950000000000000e+02 0. 0. 1.</data></Camera_Matrix>
<Distortion_Coefficients type_id="opencv-matrix">
  <rows>5</rows>
  <cols>1</cols>
  <dt>d</dt>
  <data>
    5.1011535316695424e-02 2.9740831958923337e+00 0. 0.
    -4.9154706776004986e+01</data></Distortion_Coefficients>
<Avg_Reprojection_Error>6.1445100811471498e-01</Avg_Reprojection_Error>
<Per_View_Reprojection_Errors type_id="opencv-matrix">
  <rows>25</rows>
  <cols>1</cols>
  <dt>f</dt>
  <data>
    2.73289651e-01 4.16850120e-01 3.47689152e-01 4.22604471e-01
    4.05122161e-01 8.27194393e-01 5.58240175e-01 3.20196092e-01
    3.74361008e-01 6.32698357e-01 9.82800961e-01 7.02892900e-01
    5.24077952e-01 5.37623942e-01 5.06943822e-01 3.91117573e-01
    7.98916280e-01 9.83907104e-01 4.29420650e-01 5.21174908e-01
    8.26943457e-01 6.41560197e-01 1.01897573e+00 4.77961689e-01
    4.79222298e-01</data></Per_View_Reprojection_Errors>
<!-- a set of 6-tuples (rotation vector + translation vector) for each view -->
<Extrinsic_Parameters type_id="opencv-matrix">
  <rows>25</rows>
  <cols>6</cols>
  <dt>d</dt>
  <data>
    -2.0636395598829307e-01 -4.1983701001642370e-03
    -1.6981115958299037e-04 -2.2677781789386515e+02
    -7.4572255412101228e+01 1.4133304445532565e+03
    -1.8597463920057636e-01 3.9639292622557554e-02
    -3.2524103215097459e-02 -2.3993982722969247e+02
    -7.4964041194947569e+01 1.3746368757914101e+03
    -1.9307499126437264e-01 2.6653408684491203e-02
    -2.6975988329911202e-02 -2.3823835761428401e+02
    -7.1104551369537873e+01 1.3693998121814050e+03
    -1.9388338415812539e-01 1.1902208933060146e-02
    -2.6516731344670683e-02 -2.3669335336890219e+02
    -7.3435441729248680e+01 1.3661276282266901e+03
    -2.0770683118009656e-01 -2.9143911311621942e-02
    1.4310092717930495e-03 -2.0615933695027294e+02
    -7.3584108023405108e+01 1.3798584981897236e+03
    -2.2256325416190231e-01 -3.3521470232991360e-02
    8.8968353557843279e-03 -1.8876748737285016e+02
    -8.6470014744099629e+01 1.3895910233141535e+03
    -2.2617918943379484e-01 -9.0311753544555520e-02
    -7.1636914968396179e-03 -1.4305431282634154e+02
    -9.4989698722022112e+01 1.3902528347095381e+03
    -2.1643989063232727e-01 -1.1634351416730179e-01
    -1.0670663932284299e-02 -1.0212187305219743e+02
    -1.0454499499924178e+02 1.3972209135560993e+03
    -2.0038485806683404e-01 -1.1940197566229677e-01
    -5.9051307837284395e-03 -8.3569735233739692e+01
    -1.0929910699403136e+02 1.4032000092037840e+03
    -1.7418030884457536e-01 -9.4088212685167552e-02
    -2.8763525749465439e-03 -9.2959249052592639e+01
    -1.1222928613829339e+02 1.4066686894761929e+03
    -1.6754070347356689e-01 -5.2930085544298296e-02
    2.8160347015948120e-03 -1.3057057288769187e+02
    -1.1692572983079454e+02 1.4089974370355928e+03
    -1.8117019100307402e-01 -2.5151791828572287e-02
    9.4123622129026565e-04 -1.7536588885051199e+02
    -1.1839352638958538e+02 1.4065647920807435e+03
    -1.8726025265192750e-01 -9.7495714916575656e-03
    -3.1267817927603252e-03 -2.0946876932346569e+02
    -1.1768123045033805e+02 1.4053755559715776e+03
    -1.7841266032765785e-01 -2.9928559058126406e-03
    -5.0691160803872370e-03 -2.5365850470235810e+02
    -1.1755647436624305e+02 1.4044547280542376e+03
    -1.6482313295959139e-01 -2.1766495947965724e-02
    -6.9761403057186123e-03 -2.7678775258947445e+02
    -1.1547719764376731e+02 1.3920424705088074e+03
    -1.5825557084594460e-01 -4.8872671071814318e-02
    -1.3524149070172358e-02 -2.7575239878231235e+02
    -1.1600990480376444e+02 1.3865783597683139e+03
    -1.8534081161667912e-01 -7.8095305903091189e-02
    -2.0510073485827444e-02 -2.4560774343452698e+02
    -1.2086401915116257e+02 1.3830958796363686e+03
    -1.6935130339590876e-01 -9.4215409662370256e-02
    -2.2455141574653035e-02 -2.0029389728495906e+02
    -1.2238409080948072e+02 1.3740627212993222e+03
    -1.5712987009593285e-01 -1.1059604359781408e-01
    -2.1800603838794324e-02 -1.5436287083375498e+02
    -1.2041629917179951e+02 1.3664645718257016e+03
    -1.0921902186846358e-01 -9.8107429324863674e-02
    -1.4924037463258879e-02 -1.3019731066042149e+02
    -1.1515845177023070e+02 1.3680843292689656e+03
    -5.9124320214710233e-03 -1.1780449516005637e-01
    1.3973799099000504e-02 -1.6856584994417125e+02
    -5.6309582673409352e+01 1.3243893499579253e+03
    3.4309262005465864e-02 -6.9676567159105016e-02
    -6.5889065479115107e-04 -1.8391282724407876e+02
    -3.4518780161591920e+01 1.3407772870933279e+03
    -1.2090802667720088e-01 -2.9474377506780648e-02
    -2.1200817037025948e-04 -2.0423838299230960e+02
    -5.6205617553809077e+01 1.3779387193592584e+03
    -2.1043595238149754e-01 -5.2307764626705985e-02
    -2.0722784282414986e-03 -2.0004958450546604e+02
    -8.6235338606990879e+01 1.3948514976533540e+03
    -2.7139882992850339e-01 -6.3283385534524478e-02
    -1.1341728519343787e-02 -1.9012553728620338e+02
    -1.0478532776021257e+02 1.4001086337128784e+03</data></Extrinsic_Parameters>
