<?xml version="1.0"?>
<opencv_storage>
<calibration_Time>"Sat Feb  6 17:44:22 2016"</calibration_Time>
<nrOfFrames>25</nrOfFrames>
<image_Width>640</image_Width>
<image_Height>480</image_Height>
<board_Width>9</board_Width>
<board_Height>6</board_Height>
<square_Size>50.</square_Size>
<FixAspectRatio>1.</FixAspectRatio>
<!-- flags:  +fix_aspectRatio +fix_principal_point +zero_tangent_dist -->
<flagValue>14</flagValue>
<Camera_Matrix type_id="opencv-matrix">
  <rows>3</rows>
  <cols>3</cols>
  <dt>d</dt>
  <data>
    7.4642581162250872e+02 0. 3.1950000000000000e+02 0.
    7.4642581162250872e+02 2.3950000000000000e+02 0. 0. 1.</data></Camera_Matrix>
<Distortion_Coefficients type_id="opencv-matrix">
  <rows>5</rows>
  <cols>1</cols>
  <dt>d</dt>
  <data>
    -1.4966172788115398e-01 8.0158182766703362e-02 0. 0.
    -4.7361169759214666e-01</data></Distortion_Coefficients>
<Avg_Reprojection_Error>3.9046885256458647e-01</Avg_Reprojection_Error>
<Per_View_Reprojection_Errors type_id="opencv-matrix">
  <rows>25</rows>
  <cols>1</cols>
  <dt>f</dt>
  <data>
    6.72731459e-01 3.76333386e-01 4.60474402e-01 3.72608453e-01
    3.89802337e-01 3.35624278e-01 4.29340541e-01 2.71450162e-01
    2.77098209e-01 2.99681962e-01 3.53749633e-01 4.48432475e-01
    5.29406309e-01 4.27428991e-01 4.63256449e-01 4.68933761e-01
    3.91813040e-01 3.13679934e-01 3.33304793e-01 2.58814573e-01
    2.68073976e-01 3.00675541e-01 3.03880781e-01 3.40682209e-01
    3.91164601e-01</data></Per_View_Reprojection_Errors>
<!-- a set of 6-tuples (rotation vector + translation vector) for each view -->
<Extrinsic_Parameters type_id="opencv-matrix">
  <rows>25</rows>
  <cols>6</cols>
  <dt>d</dt>
  <data>
    -1.1390563392334317e-01 1.6358280639550643e-01
    -3.0444614886727592e+00 1.4552307091779394e+02
    9.9249230489903724e+01 8.9059603601215451e+02
    -9.8119329765468874e-02 1.7835205402050783e-01
    -3.0445195980060267e+00 1.5110535899683819e+02
    9.9808727747231799e+01 8.8819530067694268e+02
    -9.9145431773578624e-02 1.8806235095914572e-01
    -3.0429058850168436e+00 1.5185000750077359e+02
    9.8606627822649770e+01 8.8952524154184721e+02
    -8.3880272959695773e-02 1.8912993203196668e-01
    -3.0480254407703993e+00 1.5518890235988013e+02
    9.4608345780074472e+01 8.8595723009717904e+02
    -2.1365425041713956e-01 1.9880720759301204e-01
    -3.0589349067861940e+00 1.4473716982192929e+02
    1.0462686451529748e+02 8.9710889910038884e+02
    -1.5346901095812318e-01 2.2229385924551523e-01
    -3.0800009930481642e+00 1.3868594728013895e+02
    1.0579548535373782e+02 9.1161280634975242e+02
    -1.7707234746043010e-01 1.7943294581660332e-01
    -3.0793426199335059e+00 1.4188624362173519e+02
    1.0260562686630490e+02 9.3567604298409390e+02
    -1.8988532119866405e-01 1.3020683076482115e-01
    -3.0776023668584007e+00 1.4203621461173958e+02
    9.2091058111513391e+01 9.6591630879570971e+02
    -1.6404854324754134e-01 1.3709944536658714e-01
    -3.0952671840249804e+00 1.3618296727692777e+02
    8.9780866730976641e+01 1.0107473807089159e+03
    -2.0528616260011093e-01 1.5447551451285238e-01
    -3.0945730636824607e+00 1.4584456560820072e+02
    8.6763775720415637e+01 1.0281986898969692e+03
    -2.3643267276351979e-01 1.6982277618261499e-01
    -3.0767115613363010e+00 1.6351787116893539e+02
    9.2789439635885529e+01 1.0521257281465082e+03
    -3.1341868637880554e-01 2.0351005650637144e-01
    -3.0578139780117231e+00 1.9714432599826716e+02
    1.0077570265108697e+02 1.0656432008257800e+03
    -3.5175749741218787e-01 2.1418029801297198e-01
    -3.0457274699403425e+00 2.5780423888171867e+02
    1.1170753384666638e+02 1.0638243988348743e+03
    -3.3920983316076309e-01 1.9853731055895837e-01
    -3.0401832759384613e+00 2.8383366922898966e+02
    1.1761709554547301e+02 1.0670362628191283e+03
    -3.5274383833761735e-01 2.1157764089848236e-01
    -3.0454689082658941e+00 3.0285592216134734e+02
    1.2176930983091380e+02 1.0625590272698560e+03
    -2.7726729656214533e-01 2.0696421712554627e-01
    -3.0359835305375786e+00 2.1922462494602917e+02
    1.3995901934248317e+02 1.0770995482259327e+03
    -2.8953359682797275e-01 2.2632512677309741e-01
    -3.0417521728468286e+00 1.9348619280230957e+02
    1.4052590147818137e+02 1.0807838772515167e+03
    -2.8028370065742469e-01 1.3689350071299258e-01
    -3.0458923823351833e+00 1.5537389593422736e+02
    1.6036450031183745e+02 1.0723072161988055e+03
    -2.8347876889408513e-01 7.1852665180989164e-02
    -3.0549384486976199e+00 1.5652365350136085e+02
    1.5365763786911904e+02 1.0707817295618227e+03
    -2.9450451085217560e-01 -3.2594411913462774e-02
    -3.0515028272005607e+00 1.5915257451619667e+02
    1.4604991051917779e+02 1.0625402407020897e+03
    -2.9376926730772307e-01 -1.6681905379256931e-01
    -3.0424965758384159e+00 1.6117611230049499e+02
    1.3746285722930361e+02 1.0511308361162282e+03
    -2.9160876624149962e-01 -2.3706337991250748e-01
    -3.0301044790923832e+00 1.6400854931844441e+02
    1.2791615934228156e+02 1.0442893288816624e+03
    -3.0552188872080221e-01 -2.6784852037003781e-01
    -3.0236229352546635e+00 1.6721327398154747e+02
    1.2886406443503117e+02 1.0339329767971453e+03
    -3.0427609671261735e-01 -3.1979031743784808e-01
    -3.0219282522270139e+00 1.6700020253468324e+02
    1.4210072823323588e+02 1.0205451488684998e+03
    -2.9443228962075679e-01 -3.7445817242173390e-01
    -3.0087881848275018e+00 1.6315196000512810e+02
    1.4661436320930628e+02 1.0024038281555255e+03</data></Extrinsic_Parameters>
