<?xml version="1.0"?>
<opencv_storage>
<calibration_Time>"Sat Feb  6 17:30:50 2016"</calibration_Time>
<nrOfFrames>25</nrOfFrames>
<image_Width>640</image_Width>
<image_Height>480</image_Height>
<board_Width>9</board_Width>
<board_Height>6</board_Height>
<square_Size>50.</square_Size>
<FixAspectRatio>1.</FixAspectRatio>
<!-- flags:  +fix_aspectRatio +fix_principal_point +zero_tangent_dist -->
<flagValue>14</flagValue>
<Camera_Matrix type_id="opencv-matrix">
  <rows>3</rows>
  <cols>3</cols>
  <dt>d</dt>
  <data>
    8.0792012531407818e+02 0. 3.1950000000000000e+02 0.
    8.0792012531407818e+02 2.3950000000000000e+02 0. 0. 1.</data></Camera_Matrix>
<Distortion_Coefficients type_id="opencv-matrix">
  <rows>5</rows>
  <cols>1</cols>
  <dt>d</dt>
  <data>
    -2.5270839161968561e-01 7.9500908841531919e+00 0. 0.
    -5.7250126941290183e+01</data></Distortion_Coefficients>
<Avg_Reprojection_Error>9.6045605602024442e-01</Avg_Reprojection_Error>
<Per_View_Reprojection_Errors type_id="opencv-matrix">
  <rows>25</rows>
  <cols>1</cols>
  <dt>f</dt>
  <data>
    7.98674047e-01 8.19059670e-01 7.72946835e-01 7.77076125e-01
    7.61256933e-01 6.56710207e-01 6.84792578e-01 7.43036628e-01
    6.04780376e-01 4.82212842e-01 3.33243340e-01 5.83992660e-01
    5.65038145e-01 7.18674242e-01 8.51891160e-01 1.28806436e+00
    2.11855555e+00 6.13969982e-01 9.70711946e-01 1.34995115e+00
    1.14630187e+00 1.08733582e+00 1.13905036e+00 1.26440454e+00
    1.10757065e+00</data></Per_View_Reprojection_Errors>
<!-- a set of 6-tuples (rotation vector + translation vector) for each view -->
<Extrinsic_Parameters type_id="opencv-matrix">
  <rows>25</rows>
  <cols>6</cols>
  <dt>d</dt>
  <data>
    -1.6407922743225753e-01 8.6913260964904260e-02
    8.0449385663982215e-02 -1.4853163551357824e+02
    -1.4509824911004912e+02 1.0044225591835714e+03
    -1.7089221596378310e-01 7.8109526458859352e-02
    7.6488153635670519e-02 -1.4284642245318707e+02
    -1.4466954571434243e+02 9.9254104042228039e+02
    -1.5652228690836945e-01 8.1174891416477046e-02
    7.3511410295267823e-02 -1.4464909389449411e+02
    -1.4324105380644170e+02 9.8907706023759170e+02
    -1.4442053180067746e-01 7.8139321329797562e-02
    9.6833289457009489e-02 -1.4381636111684159e+02
    -1.5182260039413399e+02 9.8126173565597128e+02
    -1.1586828153251577e-01 8.2370489589965026e-02
    9.0906025373784644e-02 -1.4607598066790109e+02
    -1.3387579390973806e+02 9.7621468758079391e+02
    -1.0598889382372098e-01 7.8090939729391684e-02
    9.9038237835853277e-02 -1.5441212441533929e+02
    -1.3644734540682799e+02 9.8995362197707163e+02
    -1.1952525994334622e-01 6.8567984185799069e-02
    1.2522765636413669e-01 -1.5716426400210054e+02
    -1.4165232618383848e+02 9.9681716974434846e+02
    -1.4209484280134055e-01 4.4428765264642178e-02
    1.4527876134330722e-01 -1.5964518696762553e+02
    -1.4253421955734626e+02 9.9143407335570862e+02
    -1.8151317298372760e-01 3.2369587961702029e-02
    1.6905614211845155e-01 -1.5474233083138000e+02
    -1.3311014532960473e+02 9.8816200269007425e+02
    -1.4720588893884362e-01 3.5376196295910434e-02
    1.2172203816629336e-01 -1.5655895842596047e+02
    -1.3326409808056422e+02 9.8866500814269330e+02
    -1.2830149204496974e-01 3.6594207975091074e-02
    1.0653919532195226e-01 -1.5999289726129660e+02
    -1.3184633748385798e+02 9.8514789847505892e+02
    -1.2790984491910007e-01 3.2686400017725423e-02
    9.4799838688897992e-02 -1.6053570319175248e+02
    -1.2626771198293092e+02 9.8234168109065843e+02
    -2.6581297946833071e-02 2.3931489218523717e-02
    8.9606201349784712e-02 -1.6422857222231121e+02
    -1.2500818223646178e+02 9.7639086693310708e+02
    5.3281370445139378e-02 7.8571586358079051e-02 8.3234933957679946e-02
    -1.7291315188092815e+02 -1.2664240777471201e+02
    9.8419514741308933e+02 8.1964620137925364e-03 1.3526789611801074e-01
    8.6646434654408300e-02 -1.6900124427308867e+02
    -1.3318289471990258e+02 9.8538434028205791e+02
    -1.8900586672003974e-01 1.1642401589694865e-01
    9.7699711139906872e-02 -1.6201989236896216e+02
    -1.5076057479934929e+02 1.0045371914698347e+03
    -6.3509719458433145e-02 8.2697647308958025e-02
    1.1698395445275779e-01 -1.6872161853282293e+02
    -1.5971456050291189e+02 9.9477274299183387e+02
    -1.3799619587308287e-01 1.6296848200831712e-01
    1.6244665986828741e-01 -1.8234138697407542e+02
    -1.6256437313562714e+02 9.9618147532767739e+02
    -1.1007150275550739e-01 1.1415496448594072e-01
    7.2690541694560740e-02 -2.1840499415955378e+02
    -1.6532112998456034e+02 1.0099099141879610e+03
    -2.0325249031610937e-01 1.2174310141930929e-01
    6.7505331319364342e-02 -2.3046230318484081e+02
    -1.8841394479559585e+02 1.0401967513522388e+03
    -2.1642403067190422e-01 1.1995773400701687e-01
    8.6410339533856809e-02 -2.3380161524828279e+02
    -1.9868168792862204e+02 1.0515349318356120e+03
    -2.2761856940102113e-01 1.1005895005071337e-01
    9.0481462048798547e-02 -2.3450214903133744e+02
    -1.9475879921895594e+02 1.0511480442443271e+03
    -2.2187058404947754e-01 1.2378411636429637e-01
    9.7357011074171412e-02 -2.3838402635654984e+02
    -1.9815235203916512e+02 1.0565297449039995e+03
    -2.4420925526090370e-01 9.9221283752492062e-02
    8.1738718091188267e-02 -2.1724735689687256e+02
    -1.9872614487283096e+02 1.0657113767496328e+03
    -1.9922729898269814e-01 8.6793820039151828e-02
    6.5278082449468880e-02 -2.0160063094741315e+02
    -1.9331039015583477e+02 1.0686089525306929e+03</data></Extrinsic_Parameters>
